100307
100408
102816
103414
103515
103818
105115
105216
106319
110411
111009
111312
111514
113215
113619
114924
115320
117122
117324
118730
118932
120212
123117
124422
125525
126325
127933
128632
129028
130013
130922
131924
133625
133827
133928
134324
135932
136833
137128
138231
138534
139637
142828
143325
144226
144428
148032
149337
149539
151223
151526
151627
153429
154431
156233
156637
157336
158035
158540
159239
160123
161731
162329
163432
165840
167743
169343
172332
174437
175439
176542
177746
182739
182840
185139
190031
191437
192439
192540
193239
194140
195647
196144
196750
197550
198451
199150
199251
200614
201111
205119
205725
205826
208226
209935
210617
211417
212318
214019
214221
214423
217429
221319
224022
239944
245333
246133
249947
250427
255639
293748
298051
304020
307127
329440
366446
371843
390645
397760
414229
429040
448347
485757
499566
530635
541943
552544
559053
561242
570243
579665
581349
585862
586460
598568
627549
638049
645551
654754
665254
672756
677968
680957
685058
702133
704238
705341
713239
715647
729557
732243
734045
748258
751348
753251
756055
761957
765056
788876
792564
826353
856766
857263
859671
861456
865363
871964
872158
877168
885975
887373
889579
894673
896778
896879
899885
901139
904044
917255
932554
937160
959574
984472
992774
